0 47  0 54  1 20  2 85  3 26  3 37  3 72  5 13  5 34  5 77  5 95  6 44  6 47  7 15  7 32  9 77  10 3  10 51  12 60  13 67  14 31  15 55  15 74  16 2  19 31  21 8  24 26  24 33  24 48  24 65  26 39  27 7  27 49  28 12  29 75  30 42  30 54  30 79  31 9  31 34  36 15  36 64  36 80  38 53  39 24  41 17  43 2  43 80  44 72  44 99  45 26  46 74  47 37  50 3  50 23  50 51  50 92  52 9  53 22  53 99  55 63  55 65  55 69  55 86  56 67  57 0  57 13  59 16  60 68  64 42  66 20  66 99  68 18  68 44  70 44  72 36  72 59  74 77  75 68  75 89  76 59  78 66  79 4  81 29  82 8  82 39  82 58  83 25  83 39  84 2  84 17  84 36  85 32  88 34  88 99  89 51  93 5  93 31  98 40  99 22

0 38  3 40  5 3  6 56  7 56  8 16  9 13  10 62  10 96  12 99  13 31  14 67  15 19  16 33  18 97  22 38  23 77  24 32  25 20  25 29  27 89  28 15  28 16  28 70  29 15  29 73  30 57  32 84  34 79  35 40  36 43  37 1  37 42  38 19  38 52  38 61  40 43  41 68  42 3  42 14  43 92  44 57  48 87  48 97  49 16  49 53  49 66  51 3  51 67  52 36  53 26  53 88  57 48  58 19  58 53  58 61  58 77  61 35  65 25  65 85  66 86  67 29  68 37  68 72  69 75  70 30  71 14  72 22  72 55  72 63  72 78  73 80  74 77  75 85  77 55  78 34  78 43  78 81  79 81  81 94  82 15  82 48  82 73  83 56  84 56  86 38  86 79  87 91  88 44  89 68  90 31  91 71  91 83  92 98  94 13  97 53  97 55  98 57  98 78  99 34

1 95  5 45  6 42  7 13  7 79  7 87  11 79  12 18  14 9  16 26  16 75  17 57  18 81  19 16  22 16  24 35  24 90  25 1  26 59  26 76  30 8  30 18  30 47  31 46  32 76  34 30  34 44  34 82  36 16  36 54  37 61  37 76  37 94  38 60  38 87  39 81  40 17  40 77  42 1  44 31  44 45  45 23  45 24  45 34  45 48  45 58  45 82  46 50  47 83  47 90  47 91  48 17  48 68  48 98  49 46  50 30  51 3  52 32  52 83  53 12  53 22  53 59  53 62  53 84  54 66  54 69  54 73  55 50  58 32  62 25  66 7  67 60  67 90  69 50  71 14  72 42  73 56  76 50  77 37  79 5  79 60  80 47  81 60  82 37  83 63  83 82  86 97  88 3  89 6  89 46  90 8  90 16  91 65  91 88  93 67  95 46  98 29  98 90  99 12  99 90

0 35  1 67  1 83  4 60  5 24  5 33  5 35  5 41  6 57  8 56  9 22  9 55  12 51  13 65  14 24  14 79  16 25  17 98  19 40  19 63  22 91  23 94  24 55  25 96  26 91  27 66  28 90  29 19  31 26  33 38  35 40  36 62  40 65  40 92  41 75  42 38  43 38  43 67  43 87  44 21  45 48  45 53  46 31  46 98  47 90  48 36  48 50  48 66  49 69  50 41  50 60  53 92  54 17  54 29  56 49  58 7  58 9  59 9  59 61  59 76  61 82  62 58  64 74  67 85  68 25  68 62  69 0  70 98  71 19  71 23  71 97  72 12  72 41  72 60  73 81  74 44  74 93  75 96  75 99  76 8  76 14  76 79  77 83  80 12  80 26  82 65  82 71  83 82  83 96  84 27  84 35  84 49  84 63  85 3  86 18  86 29  86 85  89 87  92 1  96 67

0 47  1 60  2 78  2 92  3 27  3 69  4 82  4 93  5 45  5 78  6 53  7 5  9 55  9 58  13 4  13 50  14 81  15 67  17 62  18 55  21 55  22 26  22 50  23 8  23 95  24 35  26 4  26 90  26 91  29 5  29 16  29 96  30 52  34 73  35 43  35 80  36 45  36 99  37 15  38 53  38 66  39 42  39 46  40 53  41 67  41 79  42 48  45 78  48 76  49 4  49 59  50 17  51 60  53 7  54 5  54 78  55 25  55 88  56 29  57 58  58 63  58 66  59 84  60 98  69 39  71 50  71 58  72 82  73 60  73 69  73 72  78 20  78 35  79 39  79 83  80 76  84 34  84 82  85 25  85 67  85 95  86 99  88 21  88 63  89 9  90 72  92 53  92 84  93 3  93 8  93 73  94 76  95 56  96 69  96 85  97 40  97 69  98 43  99 47  99 66

0 20  0 38  2 12  2 18  2 24  2 92  3 2  3 27  4 21  7 74  7 92  8 55  9 24  12 26  13 24  14 97  15 30  16 35  17 73  17 74  19 24  19 75  20 68  21 65  22 8  22 23  22 86  23 17  23 94  25 31  27 11  28 45  30 93  30 94  32 56  32 87  32 96  33 39  33 53  34 8  34 25  36 39  37 76  38 28  38 42  38 94  40 24  41 6  42 52  42 75  45 18  46 57  47 52  49 1  51 29  52 45  53 17  53 78  54 19  55 26  60 83  62 94  63 14  63 89  66 77  67 39  69 21  69 67  69 97  70 19  70 75  71 42  72 16  74 33  75 73  76 19  76 45  78 18  78 56  80 50  81 79  84 28  84 64  85 36  86 31  87 27  87 95  88 71  89 3  89 37  89 83  90 10  90 86  94 10  95 99  96 63  97 59  98 42  98 52  98 73

1 8  1 61  3 31  3 73  4 74  8 40  9 21  10 45  10 71  10 75  10 97  11 17  11 21  13 26  13 63  13 92  14 9  15 20  15 34  15 52  20 46  22 64  24 68  24 79  25 8  25 42  26 68  27 33  29 59  30 57  30 95  34 87  34 97  35 67  35 86  35 99  37 16  38 30  38 48  38 79  39 49  40 91  41 21  41 97  42 15  42 70  43 52  43 69  43 77  44 27  44 29  45 14  48 29  48 78  49 21  52 71  53 22  53 54  53 82  55 31  55 69  57 44  57 69  58 18  58 78  58 97  59 0  60 86  61 93  62 86  63 67  67 75  68 74  69 18  69 64  71 68  72 54  72 63  72 77  74 97  75 88  76 58  77 43  77 55  77 84  80 60  82 18  84 72  85 44  88 14  88 18  91 12  91 23  93 61  93 69  94 3  95 38  96 71  96 91  98 48

0 9  1 7  1 48  2 14  3 12  3 18  5 88  8 63  10 15  10 32  10 79  10 82  11 2  13 82  14 60  15 99  16 72  16 89  17 8  20 10  21 52  21 72  22 25  23 44  26 72  26 78  27 88  28 14  28 49  28 80  29 47  29 55  29 65  30 3  31 84  32 17  32 26  32 35  32 60  32 91  33 16  33 82  34 8  34 26  35 32  35 95  37 78  40 43  41 2  42 68  43 55  44 12  45 78  48 25  48 30  48 54  49 30  52 23  53 38  54 86  55 95  57 53  61 86  63 32  68 32  69 72  70 52  71 55  72 83  73 36  73 59  73 88  75 24  76 2  76 20  76 28  77 13  77 57  78 64  79 65  80 53  80 59  81 34  82 92  83 40  83 56  83 97  87 38  87 57  88 1  88 49  88 89  90 92  93 42  93 81  95 24  95 85  96 80  98 71  99 52

1 45  2 55  3 58  3 78  5 23  7 20  11 5  12 32  13 12  13 91  14 9  14 17  15 10  16 11  16 30  16 62  17 88  19 11  19 46  19 64  19 94  21 2  21 50  23 42  24 20  25 73  28 49  28 52  29 0  30 21  30 22  30 31  33 31  34 17  35 53  36 70  37 42  37 57  40 84  41 43  42 22  42 28  43 85  44 1  44 51  45 8  46 95  47 38  49 41  50 72  51 73  52 38  52 73  54 80  54 86  57 10  57 48  60 3  60 24  60 84  61 2  62 19  62 80  63 29  63 53  67 69  69 76  69 86  70 10  70 49  71 17  72 23  72 73  72 77  72 82  73 52  74 54  75 26  75 68  76 82  77 4  78 9  80 43  80 65  82 97  83 17  87 81  90 29  90 98  91 0  91 65  92 38  92 91  94 37  95 21  96 0  96 5  97 38  99 25  99 50

1 55  2 9  2 92  3 37  3 73  5 53  6 0  8 63  11 82  13 14  14 38  14 68  14 98  15 5  16 42  16 51  17 26  17 35  17 84  17 90  18 43  19 5  19 48  20 4  20 47  21 29  23 45  25 17  25 70  26 2  26 95  27 71  30 64  30 68  30 94  33 84  35 0  35 26  35 95  35 99  36 99  40 33  40 84  41 20  42 58  43 29  44 57  44 59  45 64  45 89  46 87  49 36  50 78  54 60  55 89  56 63  59 57  59 91  63 75  63 76  63 94  64 49  65 59  66 57  67 60  68 11  68 30  69 80  70 74  70 94  70 95  71 8  72 87  72 91  74 24  74 69  75 21  76 44  76 54  77 57  77 70  77 98  79 12  79 26  82 29  82 81  82 83  85 9  87 88  88 90  89 0  90 42  90 86  91 65  91 78  92 76  93 6  95 5  96 14  96 79
